2400 24 100 1 100 1
2400 6 100 4 100 1
2400 8 100 3 100 1
2400 3 100 8 100 1
2400 3 100 4 100 2
2400 4 100 3 100 2
2400 2 100 4 100 3
2400 1 100 8 100 3
1200 24 200 1 100 1
1200 6 200 4 100 1
1200 8 200 3 100 1
1200 3 200 8 100 1
1200 3 200 4 100 2
1200 4 200 3 100 2
1200 2 200 4 100 3
1200 1 200 8 100 3
800 24 100 1 100 1
800 6 300 4 100 1
800 8 300 3 100 1
800 3 300 8 100 1
800 3 300 4 100 2
800 4 300 3 100 2
800 2 300 4 100 3
800 1 300 8 100 3
400 24 300 1 200 1
400 6 300 4 200 1
400 8 300 3 200 1
400 3 300 8 200 1
400 3 300 4 200 2
400 4 300 3 200 2
400 2 300 4 200 3
400 1 300 8 200 3
