 0.13634142 
 0.60376377 
 2.74501255 
 3.25214944 
 4.42055410 
 5.11481956 
 6.23035117 
 6.71497163 
 8.01819359 
 8.35923007 
 9.90712749 
 10.46539775 
 11.72578764 
 12.11574059 
 13.76966605 
 13.71703533 
 15.89356509 
 15.72410498 
 17.03509491 
 17.42762739 
 19.22920979 
 19.21865347 
 21.49751669 
 21.19315812 
 24.85668840 
 25.40835333 
 26.80167102 
 27.14012126 
 28.53665104 
 29.42390823 
 30.41311480 
 31.09034734 
 32.54219954 
 33.43838726 
 34.77441072 
 35.05338474 
 36.63662417 
 37.68211810 
 39.14823565 
 39.69978835 
 40.28022367 
 41.61779898 
 42.44279777 
 43.59058939 
 44.56742959 
 46.27572478 
 45.94961823 
 46.78440756 
 46.70697726 
 50.33638783 
 49.05698476 
 49.81518057 
 50.95134854 
 52.33013390 
 52.74045552 
 55.13537132 
 55.03519583 
 56.30314976 
 57.31059908 
 57.98160394 
 59.60915284 
 63.84839175 
 64.99673888 
 65.65686622 
 66.71715259 
 69.07350217 
 69.71629619 
 70.92157491 
 71.78310233 
 72.93159187 
 74.06027711 
 75.30558119 
 76.20978651 
