# elapsed_time comm_time n_x n_y n_z p_x p_y p_z
0.418831 0.315907 2400 100 100 24 1 1
0.419253 0.320105 2400 100 100 6 4 1
0.438672 0.326660 2400 100 100 8 3 1
0.446753 0.331600 2400 100 100 3 8 1
0.460075 0.346397 2400 100 100 3 4 2
0.477808 0.351946 2400 100 100 4 3 2
0.502925 0.368737 2400 100 100 2 4 3
0.517866 0.378388 2400 100 100 1 8 3
0.420966 0.322653 1200 200 100 24 1 1
0.425729 0.323898 1200 200 100 6 4 1
0.437113 0.323304 1200 200 100 8 3 1
0.420464 0.321162 1200 200 100 3 8 1
0.467110 0.354890 1200 200 100 3 4 2
0.476450 0.351978 1200 200 100 4 3 2
0.501584 0.367643 1200 200 100 2 4 3
0.505892 0.370807 1200 200 100 1 8 3
0.170098 0.125746 800 100 100 24 1 1
0.436002 0.326276 800 300 100 6 4 1
0.421099 0.322357 800 300 100 8 3 1
0.439497 0.325173 800 300 100 3 8 1
0.471420 0.347211 800 300 100 3 4 2
0.456588 0.343584 800 300 100 4 3 2
0.502488 0.367931 800 300 100 2 4 3
0.510955 0.376868 800 300 100 1 8 3
0.435599 0.322949 400 300 200 24 1 1
0.430938 0.321844 400 300 200 6 4 1
0.416631 0.317550 400 300 200 8 3 1
0.438968 0.327713 400 300 200 3 8 1
0.474267 0.350326 400 300 200 3 4 2
0.455480 0.343483 400 300 200 4 3 2
0.489868 0.361971 400 300 200 2 4 3
0.494269 0.363595 400 300 200 1 8 3
